4369
1 1240
1 9400
222 71
300 9184
81 61
291 31
38 51
118 41
181 3342
292 8701
1 4840
228 5305
124 51
75 51
253 21
285 41
1 8420
5 1
179 61
127 1
125 41
1 5590
213 4629
1 1080
1 1410
42 41
1 9210
1 6180
1 5130
151 1
196 41
1 4620
290 41
69 1
1 7870
179 41
184 31
173 11
181 31
46 81
279 91
163 31
1 2840
287 91
27 41
1 1350
252 31
113 61
81 81
218 61
10 1
11 11
141 71
72 11
44 41
92 863
233 61
74 11
70 51
62 71
235 51
132 41
1 6580
1 1640
283 41
20 21
151 61
261 21
74 71
32 71
280 8001
275 31
183 21
221 4983
74 41
174 61
101 31
196 81
1 9140
1 7040
1 7770
35 11
158 61
250 71
1 1600
1 5570
1 5200
159 11
58 41
168 41
150 81
214 91
212 4586
1 8760
118 21
179 81
164 41
78 91
163 2712
63 31
1 9540
294 11
1 3450
1 1670
239 71
25 21
1 9260
54 11
30 81
151 2326
181 51
138 1944
1 7280
94 901
93 61
267 71
238 71
1 7070
1 9050
38 21
46 11
1 6650
209 4458
210 81
1 6480
247 91
121 81
1 670
98 71
212 41
84 91
26 31
66 51
53 81
4 1
89 41
115 31
182 51
250 91
1 1430
161 41
290 8581
265 51
83 31
74 51
25 41
1 7820
1 6510
60 367
201 91
238 51
166 31
287 51
206 91
59 81
292 71
1 3320
103 71
180 51
49 51
1 8060
93 883
193 1
285 8289
256 11
283 1
254 11
108 31
152 71
1 7220
47 225
1 7000
143 31
39 1
166 41
1 6000
77 41
77 21
30 41
244 11
278 31
168 2879
255 41
124 91
77 91
48 41
266 1
1 9370
216 11
1 7930
222 61
264 31
99 51
253 11
227 81
268 41
23 41
241 21
271 51
266 61
1 6030
109 1212
248 6276
1 6110
141 21
154 71
84 81
1 9790
15 11
257 1
42 51
230 5398
275 81
200 41
60 11
1 7970
1 550
269 21
156 61
14 1
287 21
75 91
104 21
90 91
1 5940
82 41
1 9280
287 81
237 41
183 41
121 1493
185 51
149 2265
1 4870
188 81
148 91
145 41
201 61
15 1
207 81
208 51
147 61
246 81
190 11
48 71
1 5070
81 669
293 51
285 51
219 81
28 41
142 1
180 31
16 21
1 2130
268 1
1 3160
1 1330
292 31
237 61
84 41
143 21
60 368
246 6175
45 21
44 91
27 31
136 91
28 51
274 7661
78 51
147 1
1 1230
154 41
1 5540
1 2940
245 51
1 8470
1 7330
252 61
175 1
205 81
1 1920
291 91
126 21
282 61
111 1
31 1
255 31
256 6688
193 71
260 51
115 61
232 11
234 11
285 61
297 51
82 91
1 860
288 8463
202 71
1 5500
224 5121
212 1
1 3630
29 71
282 81
1 1200
1 3100
247 1
231 5445
106 1
1 6700
86 91
149 1
271 91
121 11
152 81
1 8970
42 179
133 1805
208 31
58 61
150 2295
141 81
1 1580
177 61
278 41
286 71
217 21
61 61
238 21
1 8280
245 61
98 980
273 7605
1 4330
1 6270
279 7943
74 61
19 31
247 61
287 31
250 6378
76 71
129 1
79 637
114 41
1 9430
207 41
191 11
83 703
289 61
108 81
250 61
1 9360
185 1
173 21
72 71
108 51
207 51
125 1
70 31
1 2870
220 81
1 1530
219 61
1 3510
195 3881
106 21
200 91
185 71
1 5220
1 9240
299 41
142 71
291 61
214 1
84 31
95 31
263 21
103 11
32 11
181 21
1 3580
45 207
256 31
90 71
147 91
1 1980
251 21
1 2790
64 418
270 11
1 2490
1 9030
275 7717
68 71
36 21
1 5700
1 580
253 61
186 3530
238 61
1 6070
136 51
1 5370
236 91
1 1990
114 81
230 5397
93 81
1 6850
48 11
1 7470
100 1021
152 51
142 11
1 5930
115 21
289 11
114 71
210 1
51 31
1 3990
66 71
187 61
1 4950
1 3900
145 2145
1 7700
69 486
1 450
27 1
167 31
290 11
254 1
292 91
93 882
31 11
171 31
141 31
1 8330
300 10000
121 41
30 71
147 71
211 4542
100 51
231 71
180 81
234 21
58 71
1 6530
254 61
98 41
230 41
1 8690
160 61
248 6275
27 81
206 4331
294 41
1 370
179 1
1 1050
136 71
102 1062
156 81
198 4001
74 91
1 7390
263 81
268 7329
75 1
51 265
1 9130
42 61
234 61
119 1
146 91
284 61
1 7230
198 11
70 501
167 71
140 51
1 8040
209 21
265 7166
142 61
1 3670
71 81
222 1
1 2990
183 81
275 71
119 61
118 81
1 3290
72 529
217 41
1 4240
72 21
168 71
1 4630
1 5870
29 81
1 7200
168 61
273 21
120 41
63 11
36 81
49 11
1 4750
1 8220
51 91
277 1
57 61
1 1900
1 4340
221 11
64 71
256 1
112 91
1 800
192 21
235 5635
38 71
76 31
97 51
279 7942
284 31
204 61
295 91
249 71
185 41
116 1
128 51
228 31
194 51
42 91
300 51
60 81
1 9300
76 21
136 21
180 41
1 5710
195 71
1 7170
1 2450
8 1
83 91
181 3343
125 61
265 71
1 4720
194 3841
41 41
158 51
1 2500
156 1
115 51
40 41
1 2100
246 21
114 1327
249 51
154 81
64 41
102 51
55 51
181 81
35 21
141 1
156 91
112 31
147 2205
52 11
206 4330
256 41
147 31
171 2984
1 3200
249 6327
272 7550
1 2590
146 81
29 11
87 81
62 81
135 41
193 51
130 1725
130 41
258 31
61 379
218 41
124 41
164 91
109 21
1 100
290 91
106 81
230 21
231 1
1 3550
88 791
195 61
284 51
104 41
171 2983
75 11
1 8550
124 71
1 8320
155 1
1 2630
1 4260
249 21
196 11
153 1
300 41
1 7360
88 91
253 6531
268 31
46 51
1 4180
296 8940
1 1170
42 1
1 7730
250 11
105 1126
1 2530
164 21
1 2370
1 2170
262 61
149 31
195 11
1 8130
240 41
96 21
35 51
168 81
95 91
31 91
1 4310
241 1
48 31
142 91
49 61
12 1
1 1060
164 31
227 11
264 7112
205 21
98 1
269 7383
120 51
1 4770
100 11
240 11
1 5300
290 71
185 61
139 51
123 51
215 71
258 11
133 61
49 245
67 81
63 1
184 21
191 51
39 11
21 31
243 1
1 8740
114 61
1 8460
30 61
106 91
150 41
1 4470
182 91
1 7630
194 71
55 31
230 31
1 2250
176 3160
33 81
262 7005
1 9600
41 31
167 1
1 8100
127 31
1 3760
110 41
224 21
245 1
173 51
42 81
276 7773
283 11
53 71
1 8770
280 91
263 1
242 51
1 1690
224 5120
148 1
44 61
40 164
1 680
102 1
1 6460
103 1
134 1833
136 1888
45 41
133 91
110 21
1 6990
225 11
258 91
1 6430
1 300
1 5490
70 81
1 4670
1 3380
189 1
145 51
269 61
177 71
246 51
278 7887
1 3700
226 91
11 21
1 9750
138 91
118 1
150 1
113 91
62 21
1 4480
216 31
133 81
277 81
189 71
71 41
275 1
79 1
272 21
284 41
188 41
138 21
266 41
181 91
103 91
1 5260
154 2420
240 5878
160 2612
81 1
1 1930
144 81
1 790
236 31
83 11
205 11
246 6176
277 41
158 81
63 71
36 133
229 51
81 71
1 5770
66 444
261 81
227 71
1 540
212 4587
26 41
1 7250
70 11
41 1
1 1260
222 11
261 31
1 8160
124 21
1 250
204 1
61 71
1 5980
177 51
132 61
1 9720
136 41
24 31
144 71
1 4580
102 91
223 31
40 81
61 51
48 81
87 61
141 2029
276 91
123 71
34 117
1 3030
110 1235
128 91
168 11
182 41
81 51
243 61
126 81
231 41
98 91
1 1590
47 91
14 21
169 91
1 4570
37 140
73 543
111 61
1 7380
114 1326
1 5020
1 980
110 51
1 2300
213 41
140 41
1 3250
181 11
162 61
169 61
119 51
275 91
59 71
166 51
127 81
1 1660
1 4100
146 1
1 7300
229 91
162 91
298 9062
170 11
1 4920
199 11
167 2845
147 21
117 91
1 9220
294 51
299 1
234 31
1 4990
109 81
1 8950
229 5351
13 21
73 544
28 31
229 81
1 2810
158 2547
290 31
31 21
121 71
96 91
117 81
1 2920
203 71
1 7310
1 3770
22 11
294 81
253 31
145 11
84 21
48 21
164 1
236 81
1 5330
61 81
293 11
1 4640
132 1778
1 6250
154 61
108 1
87 31
255 61
1 1750
1 5360
102 71
103 51
221 71
277 61
1 1400
240 21
47 226
128 41
219 91
259 6846
116 91
159 51
1 1550
226 21
1 1650
75 81
62 61
194 3840
1 5480
1 110
1 8410
8 11
1 6340
1 4710
205 61
200 31
105 41
35 1
166 71
1 9520
243 6026
155 71
1 6790
248 41
248 61
153 2389
204 4246
1 9320
295 71
112 81
1 7610
196 1
52 31
208 71
101 71
1 2240
126 1619
1 1370
66 1
190 61
268 61
298 21
129 1699
114 21
13 11
242 71
59 61
77 51
207 1
221 61
1 9410
205 4288
86 31
126 1620
264 51
105 71
131 31
48 61
1 3000
242 1
170 2948
247 51
206 61
130 31
281 81
66 41
81 41
1 6500
49 81
214 4674
186 51
177 21
32 21
1 9040
157 61
151 81
287 61
39 61
95 41
1 4740
1 7490
180 21
65 11
1 1190
151 21
49 246
271 21
187 11
298 81
279 31
110 81
96 61
1 5730
84 51
1 9450
54 31
1 2720
169 71
254 41
123 1543
266 11
1 4300
276 71
182 71
73 81
89 51
92 31
286 21
227 51
1 6840
277 71
284 8230
151 41
184 3454
217 11
1 9630
242 61
229 21
184 71
53 1
204 21
1 2780
299 91
181 61
222 41
203 31
173 3053
95 920
139 1
1 1740
169 11
1 460
271 7493
259 21
1 2970
216 4760
230 1
175 31
260 11
193 3801
271 71
68 471
197 21
186 71
117 61
206 51
52 275
49 41
237 5731
1 1780
280 51
1 8210
35 126
1 3920
251 71
79 71
32 51
36 31
125 31
119 91
190 31
218 1
281 11
242 21
1 2360
189 81
264 7111
1 6740
134 31
175 3125
1 190
180 71
64 21
292 41
276 51
126 71
153 11
180 11
1 7080
239 5828
46 216
272 11
213 91
123 91
1 5910
298 51
66 21
1 310
183 91
44 197
1 730
1 2650
218 21
55 81
1 8940
102 21
279 71
285 91
248 21
90 11
1 6610
274 41
193 3800
110 1234
1 3090
1 6390
57 81
57 91
280 11
208 61
1 5230
298 11
215 61
279 61
192 91
115 1
161 91
109 11
174 21
71 61
55 309
171 71
1 1870
1 5450
1 3120
81 21
291 71
209 1
219 1
162 51
1 10000
110 31
222 21
1 650
151 51
93 21
1 8610
1 9780
1 8620
265 21
34 71
45 206
1 9510
218 31
85 1
215 11
69 61
1 3790
163 21
196 3921
241 11
203 4206
241 81
204 4247
1 7900
176 41
289 1
1 5900
289 71
25 71
1 8980
44 21
36 132
293 91
1 9480
1 960
243 51
208 11
48 1
274 61
255 91
1 3270
1 4930
188 31
163 81
148 2235
101 21
87 772
55 71
221 1
101 1
1 6710
243 81
236 71
295 11
1 4390
157 11
214 61
43 91
64 31
92 11
127 11
238 91
144 41
299 9122
237 71
87 91
84 61
1 9350
34 1
69 91
196 91
94 51
143 81
101 51
1 2160
56 41
1 9270
267 61
202 4164
173 1
83 81
1 2000
1 8790
113 51
145 1
286 1
1 8370
107 61
154 91
105 1
94 71
54 71
164 11
230 61
133 31
1 2610
1 1610
226 41
39 155
291 8640
24 51
1 7760
125 1594
29 1
223 71
91 61
73 11
272 71
137 91
289 21
100 1020
284 21
1 2390
153 51
51 71
134 91
40 1
178 21
1 2150
1 5680
146 51
232 5492
275 11
1 7540
1 7160
1 4550
1 4610
83 61
54 91
125 21
23 31
209 91
222 91
26 71
145 81
217 4806
145 61
202 91
286 61
146 71
1 6450
257 61
1 5210
182 11
1 3840
195 1
85 737
57 41
38 61
139 71
82 71
266 21
1 9530
34 81
1 7830
79 21
75 31
172 3019
1 5800
218 71
184 81
152 41
146 2176
278 81
1 3710
220 41
1 7920
269 7384
231 5444
180 91
274 21
49 21
1 230
127 91
156 11
88 61
88 21
192 81
170 71
121 1
64 1
298 71
1 2140
1 7890
172 51
76 590
253 41
68 11
245 81
103 41
1 3020
204 41
1 6550
104 71
33 31
1 8310
244 41
65 61
74 81
127 61
248 51
59 21
129 31
1 9000
24 61
220 4939
1 7880
251 61
182 31
211 61
203 4205
232 31
226 1
1 620
1 2680
138 81
47 11
1 880
111 71
257 6740
1 4250
1 5290
12 11
1 9580
178 81
1 130
1 6400
41 71
28 11
1 1940
139 81
240 81
263 91
261 91
73 71
273 51
188 3607
130 11
49 31
64 51
263 7059
1 6860
215 31
1 2660
65 431
1 9440
26 1
221 41
243 6025
1 6240
81 11
267 31
1 8480
43 51
1 3170
225 41
54 41
97 960
286 8346
39 21
1 5750
165 61
124 1568
216 4761
144 91
297 31
112 1
294 71
18 11
179 71
1 5060
15 31
265 1
121 21
72 31
300 21
1 9490
172 41
1 3130
148 61
117 1
161 71
291 81
251 11
154 51
32 41
93 41
1 5880
165 51
105 31
167 2846
63 404
126 1
117 31
134 71
134 41
1 1250
290 1
43 71
1 9840
204 71
132 51
241 51
1 5780
61 91
288 61
66 91
259 81
288 8464
116 81
1 8250
76 1
263 61
218 51
148 11
228 51
162 2678
1 6630
156 2484
174 91
152 21
87 11
1 1970
247 71
257 11
218 4849
165 2779
128 1
171 11
1 5950
176 71
1 1800
1 1480
167 91
223 61
215 51
150 31
131 1751
119 11
45 51
29 41
1 9800
87 21
85 81
254 6583
259 11
45 71
1 2910
290 8582
195 91
23 11
144 1
95 81
221 4984
71 51
184 61
206 11
209 4457
6 11
222 51
71 21
1 1520
195 51
76 41
51 51
119 41
1 5340
111 81
53 31
86 51
1 7400
279 81
192 3762
1 4590
100 61
1 6220
270 31
94 41
1 4140
181 1
85 41
264 61
73 21
180 61
281 71
1 2960
89 809
189 11
73 61
226 5212
277 31
76 589
225 5165
293 21
175 3124
178 31
141 61
67 11
300 91
263 7058
294 31
23 1
268 51
210 4501
199 4041
1 7790
1 1460
260 6897
202 61
1 4110
25 11
1 8650
193 41
185 11
287 8406
255 6635
1 7750
241 41
245 31
1 3880
212 21
39 81
1 3010
193 11
1 4660
218 81
143 1
287 8405
296 8941
140 71
258 21
37 21
164 71
59 91
144 11
270 81
143 2086
141 11
1 4040
1 5820
95 51
171 41
258 71
226 51
89 808
85 61
98 11
201 71
1 2090
99 91
177 31
1 9980
251 91
178 1
83 41
49 91
1 9500
25 1
161 1
63 61
211 1
216 51
1 8020
210 4500
1 2700
105 1125
71 71
66 61
52 41
1 9170
253 81
149 21
285 1
1 1150
1 9060
165 1
139 21
81 31
38 147
40 91
54 51
1 260
1 6060
1 3590
91 51
187 3568
256 6687
88 41
141 2028
88 790
39 91
121 51
1 4430
224 31
147 11
223 5075
161 11
237 51
59 41
216 21
189 21
120 31
157 2516
96 940
171 51
267 51
288 1
94 1
1 2830
86 81
273 7606
78 61
222 81
95 11
1 6690
56 81
249 41
1 7580
97 1
38 41
225 5166
1 440
264 1
270 1
34 91
231 51
283 8172
230 71
261 6952
146 41
23 21
1 5860
1 7290
192 31
1 1130
171 81
300 11
218 91
145 91
167 51
254 21
58 21
127 1645
1 1
82 687
1 2420
38 11
20 1
1 1380
122 31
1 5790
266 81
265 91
256 81
114 1
1 9690
89 1
203 81
197 31
1 7410
227 41
117 11
107 1169
1 2050
43 189
1 4010
209 71
82 61
155 2451
176 61
254 81
1 7850
44 71
157 2515
145 71
43 31
189 61
1 4160
33 21
136 81
195 21
259 41
267 91
1 2640
71 515
80 81
41 61
214 4673
250 6377
223 41
172 21
1 8930
1 1950
275 7716
46 71
109 1213
1 3860
1 850
1 8710
94 11
58 81
126 61
256 91
256 61
1 6490
282 41
165 71
269 11
82 81
140 31
293 8760
109 71
213 31
1 5550
33 112
251 1
1 6900
238 1
289 81
269 51
157 31
67 51
254 71
40 31
1 6940
200 81
232 51
1 9930
36 71
159 2579
259 6845
300 9183
255 71
274 81
177 1
175 71
245 6124
99 61
110 1
236 11
233 91
178 3233
91 1
193 91
54 81
53 51
96 1
1 9700
177 81
260 81
202 31
1 6930
1 8350
1 3190
70 1
46 61
102 31
205 71
1 1890
251 31
1 6190
169 41
1 5430
293 81
29 91
22 51
80 654
1 660
136 1
104 1104
1 490
1 4150
1 9620
125 1595
90 61
120 71
9 1
172 11
267 41
204 81
148 71
101 41
99 1
1 3640
175 21
285 21
295 8880
95 21
92 864
186 3531
72 81
118 71
53 61
112 21
233 21
212 31
1 2320
68 51
233 5540
1 120
217 4805
61 31
118 11
117 21
229 1
32 105
1 3940
279 51
207 11
89 81
147 81
140 2000
251 41
117 1396
73 91
210 31
280 71
193 81
203 61
1 290
93 1
39 51
82 21
282 8115
243 31
253 91
222 31
1 6560
288 21
133 51
79 61
294 8821
259 71
106 71
297 71
132 1
1 3970
1 9470
35 125
269 91
69 11
1 2930
30 51
170 61
99 1001
1 9200
1 5670
249 1
297 91
48 91
1 3720
1 9570
205 1
39 31
24 21
1 1830
137 51
256 21
36 61
182 21
225 71
279 41
109 41
1 6810
1 390
269 81
1 5970
137 21
25 51
295 81
291 51
1 3280
172 3018
213 81
36 91
239 91
50 1
288 31
142 41
121 1494
27 51
262 11
228 61
40 163
152 61
234 51
241 31
162 41
157 71
136 61
266 71
54 61
280 1
213 71
1 6620
198 31
97 11
1 1850
1 2200
246 61
196 61
1 8640
29 51
268 21
78 11
1 6130
283 71
219 31
178 71
128 1671
1 5840
1 3980
43 41
1 3370
1 2620
63 51
1 9680
45 81
1 360
1 7980
1 8580
201 81
162 31
1 3340
258 81
210 21
203 51
94 902
197 61
152 2357
1 6960
47 1
284 8231
96 31
248 31
233 81
106 11
200 21
131 71
299 61
233 41
115 11
194 31
63 41
161 61
1 9230
139 31
223 5074
176 3161
1 4490
198 4000
1 1500
53 21
108 11
1 4320
1 9070
157 81
53 286
213 51
155 21
231 81
1 5390
1 6420
153 41
287 71
113 21
240 31
173 3054
262 31
140 91
1 200
55 308
104 91
274 71
1 8140
111 31
62 31
250 31
257 31
137 71
1 2570
1 4680
1 4050
138 1943
73 51
264 21
251 6429
28 1
216 81
27 11
40 71
296 71
206 1
150 91
244 1
160 1
1 3930
57 332
1 1720
234 71
290 51
134 81
1 5030
61 41
85 31
170 41
204 31
1 9770
51 266
1 7110
288 81
76 81
1 5140
1 9420
285 11
241 91
122 51
13 1
1 1360
1 4850
1 8850
249 6326
1 8730
271 11
242 5976
264 11
150 51
219 4893
99 31
207 61
54 1
1 2020
179 3269
142 81
245 21
115 71
283 8173
1 1280
127 51
59 1
1 5520
1 5740
299 51
156 31
178 91
132 21
171 91
1 3470
78 41
160 31
178 11
55 1
88 81
241 61
254 6584
111 1257
271 81
1 900
165 81
1 560
227 91
76 51
122 1
71 514
68 21
113 31
62 393
266 91
24 11
148 2236
143 91
265 81
194 1
225 51
80 653
229 11
186 41
1 1040
219 21
1 4120
1 280
137 1916
34 61
178 51
199 91
234 1
1 3500
1 3820
1 8090
156 2483
116 21
1 7650
1 1140
9 11
77 605
96 71
1 7420
247 6226
280 61
119 1445
111 1258
219 41
275 41
100 81
1 5690
1 8230
1 6320
6 1
33 91
77 81
1 720
51 21
288 41
1 8510
1 5510
286 41
1 5100
75 41
1 760
114 31
121 61
214 71
78 620
264 81
28 81
1 5760
128 71
118 61
119 21
216 71
169 31
100 31
71 1
1 6890
74 559
200 1
57 71
47 61
270 21
109 51
1 5120
142 2057
26 11
273 31
185 3492
284 91
149 11
60 31
65 71
1 2550
58 11
267 21
1 1020
61 380
241 5927
155 61
1 8630
17 31
269 31
1 8050
1 8010
173 41
110 61
251 51
216 1
172 91
95 1
276 81
169 51
278 91
1 1880
199 4040
1 3600
213 1
115 81
1 770
139 1971
132 31
169 81
174 81
187 21
37 41
71 11
132 11
252 71
172 71
30 31
92 91
1 8170
124 1569
1 5470
222 5028
183 3417
22 21
1 6350
1 6100
201 41
177 91
211 41
102 11
268 11
256 71
191 21
285 31
125 81
266 31
287 11
188 91
1 5400
53 91
126 51
208 4414
53 41
287 41
63 81
211 11
1 9380
18 1
1 4530
158 31
270 71
1 9910
282 21
141 91
244 31
1 4940
1 8340
180 3306
1 8860
90 31
295 41
252 91
295 51
78 1
235 41
187 51
140 1
31 71
80 61
47 81
120 61
1 7680
189 51
151 2327
208 41
283 61
112 1281
208 1
76 61
1 8400
109 1
1 2070
166 2811
54 298
242 91
1 7140
165 11
247 31
1 9120
55 11
176 21
122 1519
1 5610
17 11
159 1
104 81
1 7430
291 11
116 1373
191 3723
175 11
171 21
33 51
1 160
1 4960
192 3761
95 921
23 51
202 21
65 21
187 31
115 1350
182 61
250 81
107 81
190 51
1 1290
1 5850
105 21
194 91
43 61
1 3730
299 11
37 71
86 21
84 1
77 61
1 690
84 11
262 71
1 4360
129 21
268 91
1 6970
26 61
90 826
136 11
126 11
50 71
37 81
94 81
32 31
1 4830
1 380
109 31
107 71
1 8990
220 91
1 4380
1 4790
1 4980
290 81
130 71
1 2230
110 91
46 215
1 2080
86 71
183 71
165 41
32 1
43 1
252 6479
1 4270
1 3420
278 7886
1 8560
233 1
1 6380
118 1421
257 71
272 41
1 9730
277 21
185 31
90 41
91 41
1 7620
152 2358
37 11
292 61
103 81
1 1070
120 1
255 81
270 7438
72 528
155 31
92 71
163 71
191 41
17 21
74 558
137 81
132 1777
244 71
59 51
1 9920
232 21
150 21
38 91
295 21
52 81
275 61
203 11
113 1
133 11
120 11
230 51
72 41
237 11
75 573
1 240
176 91
196 71
194 11
100 1
106 51
131 81
86 754
157 1
126 91
121 91
296 61
103 31
78 21
162 1
254 31
276 61
1 930
1 7940
48 235
1 8590
1 4780
1 7120
248 1
1 2520
129 81
1 8000
283 21
1 7440
162 11
119 31
172 31
282 71
155 11
150 2296
191 31
50 31
1 3410
113 81
214 21
102 1061
97 961
1 4900
145 21
81 91
197 1
236 5684
223 11
197 3960
255 6636
53 287
1 3890
1 4460
1 8680
1 4190
1 5350
54 297
1 6830
64 61
238 5779
180 3307
22 41
204 11
60 1
70 91
52 21
262 21
103 1083
58 51
1 4910
135 31
220 11
140 61
1 1420
135 11
1 5090
175 81
207 31
85 51
18 31
201 51
225 31
87 41
167 81
1 5420
115 91
192 1
281 8058
226 5211
1 890
185 21
174 71
1 630
206 31
1 330
33 111
1 4650
203 91
214 41
1 7800
1 1770
166 11
1 2010
1 6760
134 61
232 1
205 51
85 11
1 220
1 870
1 9460
1 4560
240 61
231 21
253 6532
60 41
280 81
152 91
253 1
1 9560
26 21
140 11
1 4730
219 51
133 71
90 81
268 81
232 81
1 2750
164 2744
1 2180
200 4081
1 8190
107 1168
53 11
255 51
1 4130
1 7350
154 21
16 31
178 41
122 11
91 21
239 31
199 61
59 355
1 6750
1 7560
252 11
158 41
219 71
52 51
88 11
120 81
297 9000
85 71
181 71
240 91
258 61
56 91
1 9250
260 41
137 61
208 91
50 255
235 61
96 11
228 81
22 1
220 21
236 21
68 41
157 51
33 1
239 61
112 11
125 51
264 71
161 31
7 1
39 41
21 21
210 51
1 2270
168 91
69 485
273 91
1 9340
1 8360
203 21
116 1374
1 5180
67 458
1 9080
116 41
1 8830
249 61
66 445
108 21
115 41
14 11
127 1646
1 3910
1 5080
27 61
155 2452
269 71
226 31
1 4440
197 81
64 91
266 7221
1 2290
178 3234
202 51
255 1
269 1
183 3418
226 71
265 31
190 1
61 11
42 21
245 71
46 31
229 41
278 21
101 91
73 1
186 11
1 9010
190 91
168 21
94 91
260 21
273 1
291 1
78 31
248 81
255 21
170 31
104 1
275 51
215 91
184 11
100 21
202 4163
163 41
186 1
100 71
153 61
1 1160
174 1
27 21
206 41
236 61
183 11
1 6570
120 91
118 1420
259 1
40 11
177 3196
129 11
1 6780
101 1040
271 41
106 61
188 71
267 7275
260 71
34 21
116 61
296 1
73 31
89 61
1 4000
244 21
214 51
1 7270
69 71
114 11
63 21
113 1303
295 31
1 3310
38 81
229 31
44 198
293 71
160 21
42 11
1 7910
41 171
114 91
99 71
203 41
1 5580
140 2001
64 417
205 4289
1 5460
1 7340
277 51
207 4373
290 61
252 51
261 1
212 51
48 51
201 31
289 91
265 41
149 61
44 1
58 344
165 2778
1 3520
136 31
170 91
188 51
58 1
1 8200
154 1
139 11
296 51
208 21
146 2175
1 8700
1 7530
139 1972
154 31
1 4410
1 950
1 3360
190 81
108 1190
19 11
138 11
246 91
110 11
111 41
93 11
235 5636
209 51
44 11
80 41
140 81
294 91
187 81
44 81
30 21
58 31
124 81
5 11
151 31
1 3210
1 8180
213 61
131 51
83 702
149 41
1 2710
224 41
215 81
234 5588
297 21
251 81
62 41
43 81
1 7460
277 7829
54 21
237 5732
260 31
34 118
1 5160
111 21
1 7570
186 81
1 7510
274 91
212 91
150 11
274 7660
1 5830
66 81
79 51
123 1
148 41
107 91
129 1698
1 4030
1 3740
45 31
300 61
176 81
37 1
50 41
1 5170
297 1
237 21
282 11
139 91
1 7320
1 9890
210 61
104 1103
138 61
298 91
217 51
271 7494
1 4200
1 3650
70 500
1 2950
46 91
40 51
212 71
276 41
122 21
100 91
1 2310
112 61
1 7840
116 51
116 31
1 2340
104 51
1 7600
192 71
187 1
150 61
80 11
1 5050
149 2266
1 1470
226 61
134 51
1 1110
224 81
68 1
252 1
1 6090
102 41
119 81
90 827
250 51
135 21
1 4400
200 11
73 41
45 11
112 41
228 71
170 81
75 61
128 21
274 31
1 3110
1 2740
70 61
220 71
148 21
289 8523
1 9810
65 31
250 41
172 1
294 8820
199 21
291 8641
84 720
266 7220
1 9970
228 11
198 51
1 6540
286 91
153 31
1 5440
25 61
165 91
1 4810
1 4970
41 21
227 1
271 61
1 9710
118 51
119 1444
244 51
146 31
1 3180
28 61
198 61
279 21
176 11
238 11
142 31
227 5258
238 5780
175 51
295 8881
123 41
97 71
295 1
1 8720
232 5493
72 61
248 91
62 1
1 6370
105 11
1 640
63 405
56 51
128 11
160 41
69 81
1 6080
98 981
189 41
1 9110
163 1
284 11
189 3645
281 21
74 21
87 51
281 31
211 4543
187 3569
185 81
1 6310
198 1
1 4760
279 1
80 71
138 71
64 11
90 21
298 9061
37 61
247 6225
192 51
1 6670
160 81
218 11
72 91
1 9160
241 71
137 41
1 7370
34 41
276 11
1 9660
1 3430
91 71
1 3350
139 61
188 11
144 2116
91 846
1 150
1 8660
249 81
280 31
104 11
1 5560
58 91
21 11
287 1
272 91
35 61
239 51
128 31
161 21
91 81
72 51
1 1030
153 81
1 1220
1 140
86 755
186 91
196 3920
1 4350
1 9990
85 738
145 31
219 11
1 3780
1 4860
273 11
79 81
1 3680
98 81
294 61
257 91
1 1340
280 41
244 6075
1 5250
74 31
168 31
199 31
33 11
214 11
209 61
236 51
113 1302
1 6020
68 61
197 3961
151 91
51 11
159 61
1 600
206 21
198 81
281 41
137 1915
121 31
97 21
1 2480
276 31
128 61
202 41
231 11
179 21
1 5240
171 1
1 7660
74 1
90 1
191 91
1 3330
166 81
83 71
94 31
221 51
206 71
215 21
157 21
173 61
1 3850
175 91
165 21
43 11
108 41
98 61
172 81
1 1270
22 31
185 91
270 41
184 51
221 21
1 2350
1 3050
1 7050
1 1840
142 21
196 31
170 51
1 5890
163 2711
1 910
217 71
191 81
69 21
36 1
20 11
1 8810
297 9001
57 331
44 31
130 91
1 8530
127 71
122 81
261 6951
1 3140
276 21
59 11
1 1570
97 91
1 1630
247 21
1 1100
124 1
99 81
163 51
26 51
161 2645
88 71
96 941
220 4938
190 21
1 1300
243 41
114 51
161 81
32 61
1 470
160 71
135 71
300 71
267 1
1 7240
159 41
123 31
289 31
233 51
292 81
300 1
216 91
154 2421
108 71
220 1
232 61
188 3606
296 41
160 2613
67 41
1 9330
129 71
1 9550
233 5539
162 2677
43 188
78 621
234 81
99 41
292 8700
91 845
246 41
1 3480
1 8670
1 1820
47 71
92 81
265 61
152 11
129 51
183 1
1 3220
116 11
225 61
283 51
12 21
164 81
133 1
155 51
151 71
52 1
30 1
202 81
1 4520
70 71
1 4510
236 5683
212 11
66 31
1 4880
1 6440
162 21
271 31
131 61
17 1
1 4420
185 3493
1 7450
164 51
101 81
89 21
156 71
1 3960
195 3880
96 51
97 61
130 1
298 61
262 41
36 41
272 61
191 3722
1 6680
103 61
1 350
192 61
47 41
184 41
1 2820
260 61
93 91
236 41
10 11
100 41
60 71
194 81
163 11
1 4090
102 61
1 2900
252 6480
1 2470
79 11
109 61
183 51
212 81
97 31
1 3260
103 1082
1 610
167 41
235 91
1 6910
184 3455
265 7165
124 31
1 1790
28 21
120 1469
192 41
1 7810
36 51
158 2548
201 4123
1 8240
24 41
147 51
126 41
1 6470
270 91
58 343
93 71
199 71
245 11
69 51
217 1
197 51
98 980
179 51
118 91
159 31
284 71
132 81
35 31
1 2210
162 81
55 41
265 11
294 1
138 51
37 91
1 8500
107 1
97 41
1 1310
31 81
1 9960
286 81
1 3230
196 21
56 321
1 5620
1 2860
158 91
34 51
234 91
298 41
224 11
1 9610
149 81
283 31
47 31
1 4450
1 5810
31 41
272 81
297 81
198 41
84 71
1 8880
242 5975
1 2980
153 91
221 31
229 5352
1 590
131 41
96 81
1 3080
70 41
228 1
1 7130
205 91
1 7100
117 1397
131 21
1 6880
80 91
163 61
1 210
45 61
1 9180
79 31
292 11
262 91
1 5310
223 91
1 7090
1 6920
67 91
56 31
67 61
298 1
259 61
285 8288
67 31
77 31
233 31
120 1470
1 2330
1 6210
128 81
154 11
222 5029
36 11
79 636
1 6330
275 21
37 51
1 7480
254 51
31 31
223 81
243 21
82 1
153 2388
123 21
150 71
61 21
1 830
35 71
1 8910
1 8080
112 71
40 61
1 9830
300 81
166 1
99 21
195 31
1 8780
199 1
92 61
49 71
293 8761
1 340
215 41
1 5320
1 3300
166 21
247 41
234 41
262 81
1 1320
1 8520
235 81
245 41
41 81
1 2380
237 81
101 61
1 8380
1 520
167 21
65 1
93 51
1 8120
200 61
213 21
65 81
133 1806
1 2510
49 1
97 81
33 71
286 31
232 41
1 740
52 61
273 41
83 21
1 5640
296 81
195 41
52 71
231 91
62 91
107 51
62 11
229 71
1 2190
129 61
50 91
1 5660
155 81
89 71
105 51
235 21
99 11
45 1
1 5270
55 61
158 1
227 61
85 21
174 51
1 3240
1 9870
211 71
1 5630
258 41
57 51
170 2949
1 6290
1 2410
1 2260
197 41
1 7190
1 2400
106 1146
271 1
186 21
258 6793
1 9880
160 51
1 1730
225 21
188 21
228 41
56 61
21 1
293 41
173 81
267 81
1 2460
1 6230
156 21
123 11
1 2060
1 8540
1 9820
62 51
1 7030
130 81
11 1
217 61
193 21
217 31
1 4800
1 9940
130 51
130 21
132 91
112 51
111 91
266 51
155 41
19 21
1 4060
186 31
1 2760
201 4122
89 31
168 2880
187 41
293 61
123 1544
143 41
149 51
177 11
286 11
115 1349
1 1760
31 61
98 51
1 6730
248 71
1 3750
1 1620
1 1710
77 11
117 51
152 1
291 41
159 21
108 1191
41 51
268 71
1 1000
174 31
1 7690
169 1
89 91
1 7740
167 61
1 7520
148 31
28 71
228 91
197 71
19 41
1 7780
213 4630
1 8260
188 61
179 31
1 2690
1 3390
94 61
155 91
144 31
189 91
214 31
1 2120
1 7150
41 11
1 9090
167 11
170 1
235 71
1 9190
35 81
1 6410
135 1859
159 71
1 5600
169 21
225 81
145 2146
1 2540
274 1
272 7549
1 2730
1 3610
288 11
27 71
86 41
277 91
284 81
1 2850
1 3400
156 41
57 21
52 91
112 1280
158 21
245 91
204 91
1 4080
176 1
92 21
210 11
1 570
198 71
220 31
1 9650
1 3570
200 71
253 71
1 5380
292 21
180 1
206 81
32 91
156 51
31 51
279 11
207 21
82 686
1 7960
1 1910
1 3070
168 51
261 61
281 61
261 11
98 490
278 51
1 480
269 41
263 11
197 91
119 71
197 11
152 31
289 41
148 81
1 6800
1 920
56 21
16 11
252 21
277 7830
103 21
60 21
1 7720
29 61
102 81
288 51
81 670
88 31
1 2580
1 7180
299 9123
1 7500
200 51
216 61
1 4370
72 1
1 9760
238 81
190 3683
1 2890
203 1
223 51
39 71
1 9100
47 21
1 8290
273 61
190 41
176 31
86 1
135 51
1 6600
191 61
65 41
272 1
285 81
68 31
130 61
174 11
51 1
176 51
240 51
282 8114
184 1
18 21
179 11
1 6720
300 31
272 51
199 51
52 276
149 91
90 51
240 5877
198 21
242 81
50 21
57 31
42 71
143 11
1 1180
233 71
113 11
188 1
219 4894
225 1
91 11
278 71
56 320
116 71
1 510
1 6820
231 61
227 31
126 31
226 11
192 11
1 1010
242 41
166 91
1 3690
1 500
82 51
2 1
286 8347
238 41
216 41
210 71
257 41
207 71
224 1
1 1120
1 3950
174 3090
125 71
1 8900
211 81
158 71
257 81
37 139
257 51
1 8820
245 6125
24 1
257 6739
251 6428
137 11
21 41
1 1700
1 4020
270 7439
1 3060
231 31
50 51
166 2812
88 1
19 1
98 31
240 1
299 21
210 41
205 31
143 71
1 7550
239 21
37 31
250 1
1 2880
153 71
163 91
264 91
68 81
129 91
1 7260
296 21
92 51
1 5190
1 9640
146 11
299 71
1 5410
1 970
80 21
1 990
229 61
1 810
1 7990
246 71
202 1
1 400
207 91
122 91
281 51
1 7590
111 11
134 1832
1 6040
220 51
106 41
178 61
273 81
60 91
198 91
1 5920
225 91
77 71
1 3660
1 7950
1 2770
1 6010
214 81
60 61
1 7020
87 773
57 11
144 21
177 41
38 1
179 3270
138 41
243 91
242 31
237 91
4 11
164 2745
1 8070
86 11
191 71
190 71
208 81
1 4210
1 3810
261 41
148 51
107 11
1 5010
1 1090
62 392
139 41
1 420
46 1
224 61
217 81
35 41
209 11
1 4230
247 11
1 6660
159 2580
1 7640
160 11
162 71
1 6950
282 51
50 256
3 1
87 1
252 41
182 3380
89 11
25 31
194 21
1 4820
146 21
1 2220
60 51
239 81
243 11
1 320
1 7710
165 31
107 41
159 91
187 71
1 3040
23 61
125 91
1 6980
291 21
281 91
1 5280
140 21
1 7010
1 3870
82 31
157 41
104 61
263 31
84 719
69 41
67 21
209 41
146 61
1 8600
1 1810
65 91
254 91
77 1
184 91
136 1887
65 51
159 81
79 91
246 11
63 91
230 11
249 91
1 6870
1 700
170 21
296 91
1 9310
228 21
1 1680
122 1518
1 530
278 1
288 91
298 31
108 91
43 21
201 1
264 41
259 51
158 11
41 91
1 8150
1 750
224 71
38 31
199 41
207 4372
1 3440
1 5530
226 81
1 5960
288 71
50 11
1 2600
1 8030
55 21
64 81
83 1
101 11
134 21
175 41
220 61
33 61
267 7274
1 3490
1 3620
234 5587
296 31
1 780
1 6150
105 81
1 4220
257 21
227 5259
232 91
92 1
1 9290
48 236
1 2030
277 11
131 1
250 21
1 6140
105 91
215 1
1 6050
237 1
144 51
249 11
1 3800
56 71
32 81
297 61
120 21
135 1860
290 21
1 5650
138 1
134 11
1 1450
44 51
113 41
258 1
210 91
183 31
69 31
281 8057
1 4540
42 180
71 31
261 71
172 61
106 31
160 91
182 3381
215 4716
142 2058
187 91
186 61
282 91
246 1
1 2800
244 91
1 410
1 4890
1 8440
59 31
66 11
260 1
272 31
1 5000
32 104
1 1490
270 61
141 41
1 8490
242 11
280 8000
16 1
1 6280
183 61
135 81
270 51
296 11
194 61
168 1
1 8390
1 5110
259 91
1 8270
61 1
295 61
86 61
209 81
78 81
1 7060
1 4070
151 11
284 1
1 4500
1 8570
212 61
1 9900
1 4290
262 7004
1 9150
1 6590
35 91
106 1147
18 41
34 11
127 21
278 11
51 61
253 51
107 31
274 51
236 1
56 11
1 9740
109 91
1 2430
1 170
173 31
7 11
71 91
1 2560
149 71
263 41
1 4690
123 81
215 4717
283 81
1 1960
147 41
211 31
202 11
243 71
75 71
1 9020
292 51
57 1
223 1
161 51
29 21
193 61
282 1
289 8522
239 41
171 61
189 31
283 91
95 71
157 91
59 356
246 31
213 11
211 51
274 11
1 3530
1 8450
55 91
182 1
205 41
299 81
88 51
50 81
285 71
273 71
255 11
135 91
30 91
161 2644
46 41
1 430
77 606
252 81
1 6520
193 31
199 81
34 31
1 3560
46 21
123 61
78 71
29 31
259 31
1 6200
258 51
117 41
293 1
1 9860
1 1860
221 81
237 31
40 21
260 91
175 61
196 51
95 61
239 5829
122 61
1 1390
65 432
93 31
230 81
227 21
94 21
1 8890
194 41
1 8960
111 51
132 71
240 71
278 61
1 4600
1 6160
200 4082
122 41
1 3150
174 3089
1 940
239 11
92 41
224 91
261 51
142 51
1 8870
173 71
1 7860
262 1
230 91
122 71
80 51
235 11
177 3197
38 148
1 5990
191 1
1 4700
299 1234
282 31
113 71
1 6360
260 6898
76 91
1 2280
292 1
50 61
1 7210
235 31
80 1
248 11
39 156
1 4280
98 21
263 51
67 1
247 81
101 1041
286 51
51 81
76 11
1 1560
105 61
1 4170
70 21
1 820
289 51
42 31
1 6260
130 1724
80 31
1 8300
211 91
144 61
1 3460
164 61
138 31
129 41
1 6170
1 6640
232 71
169 2915
75 21
127 41
108 61
96 41
79 41
137 31
137 1
33 41
1 8110
1 840
221 91
144 2115
1 5720
195 81
1 8430
21 51
128 1672
268 7328
135 61
281 1
104 31
179 91
276 1
91 91
249 31
218 4850
1 5150
1 6120
209 31
15 21
1 8840
267 11
131 91
189 3646
141 51
83 51
233 11
107 21
201 21
135 1
263 71
244 61
147 2206
280 21
124 61
82 11
87 71
173 91
294 21
143 61
131 11
85 91
256 51
1 1210
47 51
244 81
133 41
201 11
1 3830
1 9590
68 91
1 6770
258 6792
244 6076
299 31
20 41
30 11
1 7670
1 2110
211 21
1 1440
1 9390
239 1
110 71
182 81
223 21
228 5304
117 71
1 270
262 51
75 574
1 3540
134 1
174 41
125 11
241 5926
181 41
143 2087
297 41
1 8920
1 9670
297 11
45 91
1 9850
133 21
1 2040
190 3684
68 472
1 180
99 1000
56 1
20 31
1 9950
143 51
1 6300
67 459
217 91
204 51
153 21
118 31
235 1
208 4415
1 1510
51 41
131 1752
124 11
1 1540
41 172
276 7774
1 2440
224 51
1 710
169 2914
67 71
91 31
1 5040
293 31
238 31
166 61
1 2670
1 8750
1 8800
