4369
261 31
188 11
88 791
152 71
45 1
176 1
47 11
237 11
83 702
1 9870
133 61
271 7493
137 1916
156 21
1 2450
236 61
284 51
150 61
1 5680
143 1
49 31
164 91
277 31
40 21
62 31
28 11
1 6830
34 61
105 1126
1 6300
47 51
168 51
29 11
178 91
143 41
53 286
297 51
216 71
252 6480
197 71
243 81
167 91
164 31
222 61
159 71
297 11
192 51
1 2790
1 2200
39 156
1 4420
244 31
275 31
291 71
1 1870
228 5305
212 81
81 71
244 91
34 81
290 71
230 31
158 21
73 543
239 61
1 9230
232 91
101 41
16 11
59 355
62 41
1 1050
149 81
97 961
162 1
180 41
93 61
297 9001
158 1
158 2548
1 2250
103 91
297 61
284 61
1 840
1 530
1 8230
243 6026
1 870
198 51
1 7710
117 11
146 81
76 91
258 41
284 21
242 91
1 6730
205 4289
30 91
1 260
172 3018
256 61
70 11
277 71
1 3100
12 1
1 3150
1 9840
23 51
1 4490
207 4373
228 61
1 6480
218 61
40 1
104 41
1 1100
123 61
1 2910
229 11
112 71
147 81
1 8660
281 8057
205 61
138 91
149 1
180 81
28 51
230 51
273 41
1 3420
224 81
236 41
1 6670
224 91
1 1800
41 91
1 8310
258 6793
1 8860
117 61
167 61
216 41
1 1880
255 21
145 31
100 1020
239 21
1 4440
244 41
222 41
183 11
77 61
180 91
1 6700
206 31
134 11
162 2678
267 7274
1 2460
268 61
1 9800
144 41
249 21
168 2879
25 51
1 8330
290 8581
157 61
1 8050
24 51
192 81
110 1
150 41
202 11
259 11
266 51
1 7920
216 1
96 1
76 41
246 51
133 71
89 51
285 91
176 3161
160 2613
127 1
82 51
1 3520
172 31
86 51
152 61
92 41
197 61
115 1349
225 5165
78 21
292 91
185 81
79 71
265 51
224 11
35 1
249 71
246 31
108 51
20 21
295 1
70 91
214 4673
88 41
1 7210
191 61
150 31
33 21
1 2970
112 41
45 207
255 81
1 10000
1 1330
1 6870
159 1
1 7700
38 148
59 41
256 91
1 8590
118 41
170 41
227 11
57 1
226 71
1 3670
183 1
1 1780
1 1350
270 1
167 21
120 71
61 11
236 71
1 4860
201 51
1 3700
1 9410
79 21
1 4340
82 71
103 71
27 21
48 41
1 1060
47 81
17 1
182 21
106 91
189 81
140 71
45 41
132 21
300 41
1 1180
221 91
268 1
57 11
7 11
199 91
268 81
266 31
39 81
71 61
254 71
1 1
173 11
57 21
1 7750
50 256
1 7290
113 1
45 21
202 61
21 11
152 51
221 11
1 5620
69 21
192 91
98 980
234 21
88 11
22 51
89 61
230 71
226 31
42 31
199 1
182 3380
63 61
66 71
99 1000
44 41
173 51
1 3720
127 91
213 21
50 21
1 3530
287 41
258 31
300 81
207 91
88 31
87 773
104 31
1 9290
145 2145
1 170
121 21
121 1494
1 1890
51 21
1 490
1 3640
168 31
21 41
1 4210
1 1190
32 31
26 11
1 5360
262 31
145 11
71 1
155 91
273 81
294 81
1 9590
1 8240
271 41
60 61
29 91
1 3050
50 81
273 21
1 6410
1 7740
1 3130
264 61
94 61
1 4400
86 31
1 930
1 5520
15 11
1 5090
278 61
193 11
25 21
211 51
160 21
96 71
266 1
212 4586
71 41
105 1
24 11
46 51
9 1
291 41
139 41
1 4540
1 370
97 41
163 51
204 4247
101 91
1 2360
272 91
1 4850
167 31
164 21
1 9080
215 4716
38 61
135 51
44 91
195 91
58 91
257 51
259 6845
245 6125
147 91
221 31
147 51
175 3124
1 8830
240 61
258 61
82 11
256 41
1 5690
33 61
77 91
286 31
54 91
1 8030
101 11
47 71
71 21
81 11
215 1
1 9770
37 139
174 71
1 1600
132 41
1 8320
124 31
72 528
52 21
67 51
1 8910
143 81
34 11
125 1595
244 21
1 2660
69 41
241 61
44 81
213 41
93 21
272 7550
221 61
176 71
1 8700
298 71
133 91
1 8130
89 809
287 31
53 21
1 8610
258 71
43 61
1 7590
223 11
118 81
161 2644
100 1021
295 31
265 11
286 21
256 6688
51 31
136 71
30 71
263 51
253 81
93 91
242 11
1 4810
254 31
72 71
39 21
99 81
185 41
1 5910
138 81
36 71
37 31
215 41
275 61
1 1860
18 11
1 9260
69 486
1 2870
1 3740
1 1240
54 51
275 1
1 390
210 71
140 61
1 1930
75 11
125 71
6 11
237 21
191 31
68 11
13 1
145 2146
291 91
138 41
3 1
45 206
1 8640
126 41
267 7275
1 7200
177 11
71 71
143 71
141 51
1 4510
143 2086
181 3343
71 514
119 11
169 21
234 31
277 7830
102 91
177 71
139 51
75 574
146 51
121 51
1 2010
52 41
61 61
230 1
131 1
1 7030
271 71
206 4331
52 71
32 21
1 5320
76 81
234 5587
185 11
143 21
73 81
278 31
1 7850
1 6440
194 21
300 91
63 51
95 91
1 4870
37 11
283 41
270 51
1 8100
59 51
1 5900
231 51
164 2744
1 6980
1 8790
169 41
285 1
167 51
1 4820
264 21
225 21
36 81
1 4250
120 41
89 91
1 1770
1 830
42 41
1 5490
136 91
87 1
82 91
56 41
128 1671
1 4030
1 1630
1 1560
1 4380
1 6180
108 71
252 31
1 8150
122 61
175 81
236 5683
1 480
232 21
1 3020
1 4000
63 21
104 1
94 31
70 41
22 31
1 8510
207 4372
82 61
245 6124
1 9940
173 1
166 1
1 8630
1 3200
112 1281
139 11
228 1
225 91
1 1000
243 91
1 750
121 1493
177 61
1 3330
162 61
130 51
154 2421
208 41
1 4230
48 91
114 31
42 51
133 21
74 21
127 31
285 31
200 61
84 41
107 51
283 8173
203 81
148 11
1 2900
148 71
134 81
1 3390
118 51
42 71
135 11
278 1
1 2860
41 1
250 21
153 51
1 6950
1 470
279 7942
21 51
247 61
255 61
1 5400
156 71
247 41
289 51
1 4980
1 300
179 11
1 2630
78 41
288 8463
184 51
272 51
226 11
94 901
209 41
18 21
114 21
1 2230
46 71
1 6660
34 51
156 2484
96 31
52 31
239 11
21 31
266 81
1 8550
29 51
257 81
147 61
152 31
122 31
184 41
229 1
110 31
163 41
1 3300
180 1
191 11
163 81
272 31
67 81
179 41
220 4938
76 31
35 61
162 71
1 5760
265 71
273 91
99 1
105 41
1 9670
38 11
1 3470
1 3950
172 61
58 1
151 11
145 91
1 4140
241 5927
217 51
196 31
244 6075
1 330
275 7717
229 61
286 61
98 81
138 31
1 5860
194 81
140 1
1 2690
81 91
204 41
74 61
122 21
139 61
1 7990
99 41
1 5280
110 1235
34 41
253 21
106 81
179 81
178 51
199 4040
272 1
207 1
267 91
145 51
175 71
223 91
183 31
1 9460
269 51
169 81
1 4010
207 81
130 1724
78 51
26 51
292 71
1 3260
1 8110
110 81
1 9490
39 1
110 21
1 2720
131 1751
218 21
162 31
1 4130
280 41
48 235
198 4000
271 81
202 51
182 3381
1 520
298 41
1 3620
29 21
73 31
175 51
288 81
29 31
1 9100
245 41
293 8761
63 1
1 6210
150 71
79 51
1 4970
1 7240
1 3870
86 754
156 31
161 91
202 31
270 91
276 91
70 501
84 11
281 71
189 21
227 5258
1 8690
36 51
124 41
1 6020
199 31
73 91
1 3990
1 6720
284 91
228 11
33 112
109 41
258 21
66 51
247 6225
55 31
37 81
78 620
298 9061
68 81
77 81
174 1
1 8770
1 4580
1 2580
202 4163
1 8650
1 4060
132 1
1 3080
182 1
274 81
1 7610
128 51
134 61
89 71
253 6531
1 5200
180 21
1 9820
142 2058
287 61
99 71
186 71
83 11
107 61
140 11
187 81
1 4170
81 669
19 31
222 91
118 1
133 1805
42 91
283 1
286 8347
63 404
117 31
66 61
1 3250
195 51
219 21
240 91
1 2160
110 61
95 21
1 760
41 21
1 7840
103 81
1 2300
106 1
1 5840
1 5110
126 1620
87 772
156 81
100 41
1 4950
1 4120
286 71
1 3850
230 5397
1 5970
283 11
207 31
1 7820
134 1833
1 5350
257 21
1 7880
1 2070
191 51
213 4629
204 11
1 4610
65 81
294 21
273 1
152 11
1 670
1 3510
1 5870
277 1
180 11
1 8850
197 81
136 31
110 41
6 1
82 1
138 61
1 6540
250 51
1 6810
222 11
11 11
1 7230
80 21
46 1
217 4805
269 91
26 1
1 6100
46 41
250 6378
12 21
142 41
186 11
262 71
1 1260
103 11
92 863
104 61
1 4720
157 31
50 71
115 11
1 860
233 31
139 71
183 51
96 11
266 91
222 31
107 11
73 1
292 81
92 864
274 7661
282 81
1 3680
118 91
56 320
48 1
196 51
297 1
108 11
42 61
283 31
273 71
211 41
39 61
290 61
194 91
185 91
158 31
1 5740
243 41
76 589
1 900
219 41
275 81
1 2650
75 61
1 2810
1 4350
246 61
27 41
231 1
1 4300
113 41
51 61
169 51
1 2640
293 71
195 11
73 61
122 1519
164 81
1 1640
192 11
170 11
1 6110
1 5580
278 41
220 11
84 21
278 21
208 11
117 1397
1 7650
1 4110
209 1
52 91
282 1
179 3269
293 31
1 1140
253 91
1 7300
1 5420
71 51
109 1212
1 4620
288 8464
92 51
208 1
12 11
147 21
1 6510
22 41
92 1
1 1040
123 41
229 21
1 7980
1 5030
163 2711
1 9040
27 61
133 41
163 91
1 1990
64 1
1 7660
208 4415
77 606
1 5020
1 5100
281 31
1 700
104 1103
205 1
1 5270
1 4410
213 11
201 21
94 11
149 2266
91 845
160 1
254 21
201 41
1 5060
222 5029
1 3320
49 245
168 2880
299 9123
80 11
235 81
1 7410
155 81
260 11
108 91
299 41
127 21
146 41
118 71
109 61
213 51
180 51
104 51
1 9210
244 71
194 51
161 51
206 91
285 51
200 91
238 1
1 5230
26 31
138 51
123 81
21 21
151 41
173 21
228 51
282 8114
118 1421
113 1303
1 9320
52 276
34 21
31 51
100 91
170 31
1 8140
96 21
88 51
190 91
253 71
196 1
142 11
51 1
283 91
75 573
48 71
267 81
1 1030
1 5000
199 51
148 1
297 31
31 11
266 7221
1 2930
278 81
1 7540
211 11
274 21
247 21
1 2530
251 91
1 1320
107 31
234 1
1 8120
235 1
144 2116
249 51
82 21
195 71
198 81
93 11
102 1061
63 41
105 71
56 51
54 31
79 41
145 1
1 360
50 11
13 21
1 7520
65 431
300 9184
58 41
269 7383
132 1778
111 1258
75 91
256 11
151 91
252 61
225 31
1 1790
282 51
200 1
1 4320
192 61
224 21
173 71
44 61
157 21
109 1
231 11
255 1
2 1
1 1160
1 9890
1 7930
256 21
146 2176
259 1
227 51
202 81
173 31
1 2750
80 81
55 91
175 61
1 7870
96 91
191 3722
90 1
1 960
1 6450
246 11
84 81
236 11
1 2610
247 1
240 1
182 51
243 11
38 21
1 130
1 6990
1 6240
171 51
127 61
93 51
1 7910
97 61
1 3790
251 6429
141 61
205 81
1 3440
1 4370
70 61
131 21
1 780
226 51
231 31
1 5240
188 3606
1 2060
176 3160
231 71
293 51
292 8700
195 3880
263 71
259 71
67 1
160 61
223 1
74 11
1 4200
1 6740
11 21
1 6550
13 11
154 2420
102 11
124 81
43 91
1 8160
165 91
58 71
131 11
98 51
179 3270
161 71
1 450
50 255
27 51
1 1110
187 1
206 1
76 61
233 81
140 41
121 71
216 51
210 11
298 9062
265 31
182 61
1 510
67 71
152 1
159 11
87 41
31 1
115 41
171 1
145 71
25 11
103 1083
1 3480
296 21
187 41
198 21
190 71
39 51
83 41
115 81
1 610
206 71
1 1170
4 11
158 51
179 51
266 41
17 31
220 31
238 11
191 1
168 81
1 4690
132 81
1 2920
197 1
154 41
55 61
171 2984
185 51
264 11
1 500
1 3650
223 71
294 91
268 21
71 11
71 81
1 7600
1 4150
32 91
189 3645
241 21
161 2645
76 21
216 31
51 11
30 11
261 91
205 51
224 1
1 4900
263 1
144 2115
277 81
224 51
160 31
229 5351
233 1
44 197
1 7440
124 11
85 21
169 71
292 11
153 81
298 1
220 41
121 1
57 41
91 41
249 91
89 1
299 91
175 41
41 172
1 7420
125 21
120 21
1 2390
1 5730
155 41
88 21
72 21
251 71
210 61
36 11
212 41
131 61
158 41
60 367
11 1
116 61
44 11
32 61
166 41
109 21
65 1
279 1
211 71
234 41
284 8231
1 8430
293 81
273 7605
1 3770
1 4790
153 31
164 11
129 11
134 21
140 81
70 21
89 21
1 6040
62 1
142 61
297 21
175 91
1 3840
1 6790
212 1
246 6175
103 1082
178 21
90 81
44 71
91 21
1 5220
1 6460
1 350
98 21
155 2451
188 61
1 5820
242 61
155 1
88 91
294 31
118 61
1 9730
62 11
184 71
223 21
1 2050
1 5540
59 31
36 21
121 11
1 6230
255 71
253 41
1 7130
225 51
96 51
288 51
77 31
31 81
262 21
215 71
93 71
279 11
64 61
116 31
1 9910
105 81
75 41
282 71
120 61
115 51
166 81
1 6800
107 21
227 91
130 71
279 61
92 71
148 91
266 71
96 61
81 21
30 41
43 51
299 81
74 559
188 21
202 41
153 2389
83 1
1 9610
154 91
237 91
63 31
143 2087
35 81
220 1
239 5828
104 91
223 61
238 21
224 31
171 91
124 71
295 51
51 265
1 9740
185 3493
203 71
181 1
1 7190
153 11
152 41
1 7340
1 1490
222 71
250 6377
53 1
284 8230
257 71
179 61
103 1
1 8000
133 81
221 51
188 1
283 51
201 71
82 31
1 6220
229 41
56 321
124 1569
135 1
203 4206
1 7550
179 1
209 31
1 980
191 21
63 81
199 41
184 81
18 1
33 51
196 11
148 31
227 71
18 31
37 21
1 770
1 400
111 1257
160 81
111 71
167 2845
1 1290
1 8680
19 41
296 8941
89 31
1 3030
229 31
112 81
101 31
106 31
276 21
166 2811
1 3340
1 190
164 1
43 31
122 51
154 1
1 1510
1 3290
86 755
50 41
1 7500
1 6710
241 5926
1 7730
212 51
219 51
1 660
269 1
239 31
1 1340
289 91
80 1
1 4480
1 4520
113 1302
65 71
234 71
1 8490
243 31
66 11
265 61
47 226
66 31
28 31
1 7690
205 41
263 61
177 1
1 1820
42 1
1 2430
148 2235
218 71
220 4939
169 2915
274 11
261 71
170 1
45 51
269 41
113 51
190 51
1 8210
237 41
284 31
1 9500
286 81
176 81
193 31
223 51
285 41
177 41
38 31
208 71
1 2470
1 5750
110 91
95 81
32 1
207 71
1 2740
49 246
1 3170
169 1
1 5850
136 11
1 2890
156 1
214 31
1 8990
49 91
67 458
1 6010
193 71
210 21
1 6680
1 8840
202 4164
300 9183
214 41
61 380
1 1270
278 51
181 3342
5 1
1 9340
192 31
1 3360
1 4700
98 71
109 31
251 61
1 3970
274 1
68 1
235 41
291 1
1 8960
114 1327
1 7670
55 1
132 61
87 11
59 91
56 81
151 31
1 9390
1 7570
145 41
1 7970
171 71
279 81
191 81
66 21
186 81
283 8172
102 61
1 570
1 1550
1 9680
268 7328
1 7720
1 9170
238 81
64 81
167 41
114 1326
1 9760
83 51
1 2620
100 71
1 7070
271 91
1 8530
114 1
221 71
232 31
1 2950
49 11
214 4674
1 3430
287 91
146 2175
233 5540
178 1
248 21
233 41
232 11
279 51
1 160
251 51
28 41
142 21
1 4600
1 3450
99 61
1 4190
97 21
1 6370
108 41
1 3550
1 6250
184 3454
1 2090
155 2452
298 31
258 11
43 71
50 1
95 921
270 81
120 11
177 81
55 81
264 7112
1 8940
292 31
146 31
1 4800
219 91
42 81
1 6360
104 1104
1 4830
1 3610
1 740
1 5810
129 41
118 21
1 8170
258 81
272 7549
1 6620
247 91
250 11
1 8480
188 91
168 1
95 71
236 91
217 61
80 31
57 31
130 21
129 1698
194 3840
1 9020
110 1234
1 5450
188 41
251 81
201 11
161 1
88 71
86 91
231 5445
1 4160
1 5470
116 11
250 1
1 6060
274 41
181 31
1 2330
138 11
254 6583
281 81
139 1971
290 11
244 61
208 51
47 21
97 11
284 81
117 71
287 8405
45 91
187 61
286 8346
109 11
1 6500
209 91
110 51
41 31
264 91
233 5539
1 8070
212 4587
1 4430
178 71
288 71
1 6380
1 8380
67 459
285 21
238 5779
144 81
257 91
1 6650
101 21
248 6275
80 61
8 1
1 6140
284 71
293 8760
1 5570
79 637
1 5160
53 41
219 61
243 51
220 61
233 51
241 81
165 61
14 21
1 8780
1 1250
1 1080
259 81
1 7360
167 2846
79 636
244 6076
61 31
1 5190
36 1
56 61
117 21
241 91
53 81
61 41
186 3531
139 31
128 41
57 91
106 41
249 61
1 9430
191 71
59 356
197 41
260 6898
207 21
111 81
231 91
273 51
111 11
111 91
226 1
1 7760
217 41
64 21
152 2357
1 2350
151 1
1 1720
296 91
252 81
289 1
171 21
52 61
79 1
49 71
88 61
275 11
244 1
260 1
153 2388
254 1
283 61
1 9550
100 31
125 51
111 61
71 515
87 31
209 4458
197 21
260 31
137 31
281 11
59 1
124 21
257 6740
198 61
224 61
1 6860
1 6340
186 31
290 1
186 91
1 3060
62 91
187 71
32 105
132 11
219 11
135 1860
147 1
1 6690
242 81
52 81
56 91
41 41
208 4414
91 846
209 4457
19 11
63 91
97 1
35 125
107 1169
1 8900
187 31
217 31
211 81
228 81
299 9122
205 11
1 6260
196 41
176 61
202 1
213 31
69 71
38 71
208 91
131 31
127 1646
275 91
147 41
230 81
1 6310
196 3921
1 250
153 71
177 21
1 9300
230 11
288 91
39 31
1 7150
47 31
251 21
1 1570
1 6820
178 31
180 71
289 41
211 61
1 640
1 690
276 11
135 21
291 8641
294 61
107 1
113 61
1 1740
224 5120
225 41
223 41
116 71
1 2280
108 21
129 81
245 1
66 41
190 11
147 11
85 81
271 1
69 11
1 3860
158 11
40 164
274 61
156 41
227 21
197 31
49 81
289 61
1 7010
253 6532
103 51
235 71
51 91
166 2812
1 2150
85 738
1 8460
262 7004
131 71
139 21
104 11
157 81
49 1
116 1374
1 9920
178 61
253 31
261 6951
77 11
190 3684
40 163
100 61
1 9060
269 21
216 21
1 2260
165 2778
68 471
137 61
248 51
1 140
176 51
154 21
75 21
128 71
1 9180
121 31
28 71
165 11
17 21
1 3090
105 1125
64 417
277 91
76 590
24 21
1 7100
212 61
47 1
258 91
237 1
252 91
28 81
173 3054
69 51
1 3540
26 21
65 51
1 2960
174 91
80 71
248 6276
122 41
1 4710
90 71
246 6176
126 1
37 51
105 51
199 21
1 6070
135 61
296 1
268 31
205 71
249 81
1 5330
26 41
121 61
274 31
80 91
1 6960
1 100
1 2120
1 200
102 81
264 1
237 71
66 81
296 41
129 1699
1 9660
1 110
224 41
261 41
128 61
1 9930
81 61
237 51
217 11
244 51
106 11
128 21
92 31
1 6430
1 5590
150 51
273 7606
106 21
261 61
121 41
293 21
1 6590
146 71
270 7438
1 2510
1 8520
254 61
130 1725
219 81
1 7220
1 6760
72 11
1 4640
206 41
270 61
151 81
137 1915
116 1373
1 8450
248 31
254 81
171 2983
152 21
174 3089
80 51
140 51
71 91
1 310
1 1620
98 490
300 11
120 51
83 31
204 81
164 41
1 2110
1 8930
1 550
1 1690
188 51
1 810
1 2030
36 132
262 1
261 21
117 91
1 4730
1 4920
1 3010
1 1400
165 21
137 1
116 51
1 3070
173 81
106 71
185 21
85 71
1 5150
1 8620
1 3810
1 6770
221 1
15 31
255 6636
41 171
289 21
52 51
1 2170
1 7510
259 41
93 31
205 31
84 1
1 1120
1 7790
1 7770
190 81
116 21
289 31
173 3053
279 91
267 11
1 1430
233 11
1 3730
193 51
218 1
226 5212
127 1645
94 21
267 31
260 21
115 1350
91 81
182 71
176 31
1 6880
38 51
1 6640
95 51
1 3750
1 4680
65 91
252 41
90 827
138 1943
1 730
33 31
125 61
252 21
292 61
175 3125
37 1
1 7470
58 81
137 41
55 309
46 216
188 71
245 71
1 5210
1 580
1 590
271 31
1 3240
1 9420
144 61
268 7329
1 7800
180 61
29 61
92 81
165 2779
210 1
101 1041
278 11
1 9970
1 2020
107 71
183 21
276 7774
1 3280
206 4330
123 1543
1 4890
108 1
98 981
37 140
78 621
54 298
210 41
253 11
147 71
214 21
178 41
157 1
229 51
1 3190
185 1
33 71
222 81
258 6792
114 11
142 1
45 81
254 6584
53 51
187 21
1 880
1 3980
1 9530
219 1
1 2270
58 11
188 3607
165 41
27 71
86 21
1 3780
149 91
226 91
1 7810
151 51
86 1
200 31
1 4570
90 826
35 21
118 1420
36 61
97 71
1 6390
26 61
151 71
148 61
85 51
1 9710
33 11
247 71
33 111
35 126
44 31
283 71
268 11
112 11
119 71
40 41
109 51
287 1
51 41
129 31
230 41
185 3492
73 21
34 31
136 41
74 51
257 61
1 3490
1 9830
168 41
112 31
181 61
29 81
1 5370
206 81
176 11
85 61
35 31
104 71
233 21
1 2320
1 3830
1 7960
141 2028
293 1
28 21
32 51
1 9640
1 2710
285 8288
54 81
253 61
1 5140
75 51
40 31
296 31
23 31
125 31
1 1090
1 4220
1 7370
151 2326
1 8270
81 670
262 91
102 51
102 71
171 61
270 31
1 620
285 11
68 31
199 4041
299 11
215 21
1 8180
1 7020
250 81
184 21
105 21
25 31
243 1
58 61
83 71
270 11
213 91
127 11
1 2440
137 51
73 11
1 5600
287 71
1 7160
51 266
173 41
251 11
1 4650
55 11
59 71
203 1
46 11
225 61
194 71
1 9580
99 11
210 4500
63 405
1 2520
131 1752
251 41
1 280
49 21
1 6090
1 8420
159 61
99 51
194 41
87 51
238 71
264 41
1 4270
16 1
117 1
1 5390
1 2310
24 1
279 41
177 31
55 71
101 51
169 91
216 11
85 41
115 31
254 41
30 21
149 11
1 3580
1 9240
1 910
1 4450
137 71
179 31
35 91
1 5930
1 2380
1 1850
43 1
183 41
1 5960
1 9270
1 8870
1 2210
1 6170
263 21
1 7320
75 1
236 1
283 81
1 1130
83 81
1 5250
82 687
1 9900
159 31
70 71
214 1
153 91
1 6350
1 3000
169 11
1 6420
1 7050
210 51
295 41
105 91
164 71
290 31
232 51
260 61
112 61
37 41
1 7630
239 51
217 71
20 41
257 41
1 7900
182 81
161 31
1 1760
87 21
163 11
56 21
294 1
103 61
252 1
32 71
125 11
126 31
212 21
103 41
237 5732
61 51
67 61
109 81
295 61
87 71
69 61
124 1
277 7829
266 7220
1 5940
80 41
82 41
1 2290
134 1
235 5635
1 4560
77 605
286 11
239 91
1 8820
166 11
297 71
164 51
1 4660
60 41
59 21
197 51
196 21
1 4590
120 1470
163 31
1 230
106 1146
245 81
195 61
273 31
181 41
1 7350
114 71
236 31
23 1
1 2560
76 11
92 21
151 2327
1 5780
27 31
1 440
112 91
50 61
246 71
44 21
266 11
43 81
1 8670
1 7940
258 1
1 6320
1 1310
290 41
197 91
1 3760
141 1
108 1191
1 7090
1 8440
1 3120
271 21
229 91
182 91
240 5878
42 180
247 31
81 41
201 61
1 9780
1 6900
32 41
228 91
204 21
153 41
1 720
38 81
290 51
150 81
78 1
274 7660
1 9370
199 11
1 9810
1 1710
118 31
51 71
256 1
232 41
46 31
143 11
125 41
24 41
42 179
149 31
54 61
1 2670
293 61
172 51
1 7330
1 8760
1 1010
149 21
33 41
1 8980
52 1
1 7270
43 188
226 81
280 71
66 444
1 3590
107 91
158 81
203 21
1 6930
149 61
64 71
252 6479
16 21
291 51
90 61
1 8300
140 21
58 344
1 3900
65 432
194 3841
269 61
130 31
210 31
215 61
295 8881
1 8060
21 1
175 1
126 81
98 980
256 31
1 6910
122 71
30 51
1 9010
242 71
1 3710
274 91
238 31
299 1
243 21
291 81
184 3455
1 6850
1 220
190 31
159 51
96 941
1 4470
219 31
1 4290
201 91
94 902
91 11
256 51
191 41
260 6897
1 7390
281 21
1 1300
155 61
248 81
40 71
255 11
172 1
57 61
95 41
1 8200
22 11
188 31
225 11
123 71
119 41
136 1888
177 51
157 51
66 445
62 393
164 61
1 9540
1 9150
46 81
220 81
108 81
1 5340
227 5259
190 21
1 3210
268 91
227 1
1 420
64 31
1 1480
286 1
292 1
1 2180
128 1
229 81
1 3380
126 51
282 8115
1 1500
170 61
1 340
280 91
97 31
190 1
31 41
1 180
186 21
214 91
129 51
45 11
296 61
1 1950
160 51
1 4090
232 71
281 41
211 91
288 1
65 21
77 71
1 1970
1 5440
298 81
231 41
135 41
98 11
242 41
131 41
156 2483
1 1920
1 6190
29 1
160 2612
35 71
251 6428
1 4100
1 1150
290 91
112 1280
23 41
262 61
78 61
217 4806
1 8390
43 21
1 3890
192 71
226 5211
1 950
160 71
208 21
224 71
1 3310
267 51
212 71
125 1
264 51
84 71
34 91
1 3880
248 61
144 21
79 91
210 91
1 9440
171 81
152 81
209 81
148 2236
80 654
83 703
64 51
248 91
293 41
1 5260
1 9190
207 11
259 51
1 8730
122 11
236 51
128 31
263 11
273 11
101 81
163 1
250 91
134 91
193 41
62 71
105 61
176 21
1 2770
294 8820
231 81
59 11
257 11
70 81
74 71
48 21
216 4760
230 21
292 21
253 51
228 5304
115 1
129 71
130 81
144 91
128 11
84 719
113 21
198 1
1 4940
71 31
1 7310
69 91
81 31
48 236
50 91
1 8470
174 41
125 1594
1 5460
36 41
189 91
1 8410
299 1234
261 6952
56 11
150 1
225 5166
111 31
128 1672
86 41
142 71
114 41
1 8090
94 51
1 2190
1 8950
45 31
46 215
97 91
9 11
159 41
242 5975
1 7450
259 31
200 81
1 2040
62 81
119 61
174 11
1 7620
283 21
1 5010
295 91
298 21
62 21
36 91
1 6000
139 81
78 81
218 81
235 5636
159 81
31 21
238 5780
220 91
279 31
1 6840
1 3820
226 61
61 71
126 1619
233 91
271 51
293 91
1 3230
204 31
287 81
194 61
210 81
74 1
280 31
1 5670
193 21
1 1700
1 6940
1 1830
90 91
61 81
28 1
55 51
1 3920
1 2800
1 2700
1 8710
183 91
1 9880
82 81
277 21
1 7080
1 270
123 91
88 790
162 81
128 91
99 31
166 31
265 81
267 61
201 31
294 11
39 41
72 51
48 81
62 51
256 6687
1 2000
100 1
299 61
1 7000
45 61
218 31
82 686
204 4246
189 1
1 380
1 8540
261 11
49 61
151 61
104 21
282 61
1 2340
250 41
167 81
102 31
248 11
1 9850
10 11
160 11
284 41
222 1
262 81
232 61
200 21
159 91
1 9070
112 51
54 297
1 9790
246 21
259 21
33 91
1 2980
214 81
106 1147
123 1544
1 3180
168 71
1 8280
87 61
14 1
260 51
204 1
69 1
1 9050
1 7830
234 11
278 7886
19 21
87 91
110 71
1 1520
159 2579
41 81
124 61
166 71
200 4081
58 343
197 3961
157 2516
217 91
295 81
155 51
137 81
177 3197
163 61
38 41
5 11
1 7780
92 91
231 61
213 4630
132 71
35 41
158 91
1 6470
1 6560
31 91
284 11
1 4360
88 1
25 61
30 1
59 61
108 1190
203 41
178 81
155 71
89 808
144 51
214 51
1 6080
54 21
127 41
222 5028
291 11
126 11
1 8720
259 91
1 5660
1 9510
272 61
261 81
1 6200
197 3960
60 51
245 21
1 9220
10 1
39 91
1 1900
195 41
285 71
165 1
1 5040
142 51
80 653
1 4780
165 31
148 21
1 4960
300 61
1 1750
175 31
1 240
1 3940
220 51
113 91
40 51
1 3410
198 41
193 3801
8 11
1 1020
1 6290
135 91
22 1
152 2358
277 51
243 71
115 71
300 1
83 91
172 41
231 21
116 91
1 1280
271 61
25 71
95 920
1 3630
102 41
97 960
237 81
169 31
134 71
36 31
1 4500
129 61
1 3910
24 61
232 1
210 4501
300 10000
193 1
288 41
170 81
297 91
1 5920
265 21
276 1
1 6780
51 81
1 9950
1 8970
156 61
270 71
1 8880
240 21
176 91
196 81
1 7250
1 9980
85 1
234 51
1 1980
202 21
29 41
260 81
1 5610
145 81
147 2205
289 8523
279 7943
1 1960
69 485
119 1
114 81
140 31
166 61
1 560
295 8880
120 81
184 11
185 31
295 21
154 61
238 61
247 11
198 11
157 41
1 7180
141 2029
1 3370
47 91
146 11
138 1
126 21
74 31
14 11
1 8370
280 8000
257 1
95 1
84 91
113 81
183 3417
70 1
178 3234
40 11
187 51
141 71
235 51
156 11
154 71
280 81
196 61
186 1
282 21
249 1
298 51
214 71
1 9990
244 81
1 4530
1 3350
98 91
130 61
1 6750
97 51
1 5300
265 7166
233 61
1 7460
171 11
185 61
73 544
136 21
182 11
69 81
238 41
177 91
64 41
282 31
91 61
107 81
56 31
1 4460
52 11
287 21
1 1840
267 21
114 51
77 1
74 558
225 71
44 51
123 51
1 4260
161 61
46 91
145 21
198 31
1 650
31 71
221 41
79 31
241 41
161 81
75 31
100 81
1 8750
15 21
276 71
111 51
219 71
129 21
133 1806
271 7494
37 91
264 81
277 11
85 11
69 31
227 61
245 11
172 91
122 81
44 198
277 41
1 320
184 61
154 31
30 61
170 91
1 4840
91 71
189 41
47 41
1 1730
120 91
192 1
38 1
109 91
235 61
135 71
282 41
206 51
189 71
288 21
203 61
123 21
263 91
101 71
157 11
102 1
218 41
268 51
243 6025
1 1660
292 41
246 81
85 737
150 2295
229 5352
1 1370
48 11
286 91
90 11
299 51
1 970
194 1
249 6326
1 7280
1 2940
68 61
288 11
1 6890
237 5731
1 4760
1 4930
48 51
1 7560
1 9000
1 5510
237 61
75 71
235 31
99 21
200 71
1 8560
264 31
1 5130
292 51
1 1450
1 1650
285 8289
178 3233
173 91
199 61
126 71
1 2780
178 11
1 3220
1 8190
268 71
1 2490
34 71
1 940
1 6120
92 61
38 147
44 1
1 2500
141 31
1 120
239 81
239 5829
1 7890
233 71
291 21
215 91
191 91
261 1
56 71
240 5877
215 31
1 9480
219 4893
85 31
236 21
295 11
1 2820
150 21
179 71
1 6150
165 71
90 51
1 9570
240 31
1 1460
291 31
237 31
218 4850
250 31
196 71
37 71
247 81
221 81
115 91
36 133
66 91
43 41
203 31
67 41
138 71
1 2760
144 1
287 8406
235 11
32 81
1 6600
280 8001
280 51
199 81
41 61
180 3306
128 81
140 91
255 51
112 1
113 31
103 31
189 61
113 71
27 1
1 1530
281 1
272 81
153 1
239 41
141 81
294 71
137 91
68 41
186 61
76 51
141 91
1 9470
72 31
289 71
113 11
84 31
287 11
211 1
1 6030
234 81
22 21
156 91
251 31
1 7400
149 41
1 8740
228 21
293 11
230 5398
186 51
89 41
280 61
61 91
41 51
197 11
68 91
142 91
119 1444
87 81
280 11
149 51
193 91
135 31
249 6327
272 41
223 5075
1 2880
282 91
81 1
28 61
217 21
296 71
134 1832
146 91
195 21
1 3690
123 1
1 6280
115 21
31 31
1 7110
18 41
133 51
119 91
76 1
58 21
1 710
54 1
275 51
1 4020
187 3569
1 9700
198 4001
100 21
41 11
262 41
1 3800
1 9110
225 81
230 61
263 81
269 71
162 2677
72 91
70 51
209 51
1 5950
1 6580
85 91
170 2949
162 21
1 1070
171 41
1 7170
164 2745
153 21
1 5770
171 31
163 2712
180 3307
263 7058
1 9860
216 61
1 2990
1 9130
242 51
215 81
1 9120
67 11
115 61
146 61
1 4670
294 51
1 5700
63 11
56 1
216 4761
244 11
189 31
1 800
207 51
84 51
208 61
117 51
266 21
134 41
183 71
1 1910
250 71
1 9200
127 51
299 71
214 61
138 21
169 61
1 9380
81 51
135 1859
142 81
1 4050
89 11
137 11
120 1
33 81
1 2600
207 61
161 41
241 11
102 1062
72 529
131 51
1 2550
109 71
222 51
136 81
60 1
70 31
278 91
1 990
1 9400
163 21
174 81
203 11
19 1
143 91
187 3568
1 2570
94 1
76 71
266 61
184 1
281 61
1 9450
216 91
1 2100
1 8600
97 81
158 2547
1 6970
248 1
68 21
203 91
299 21
1 790
92 11
125 81
43 11
186 3530
119 51
246 91
165 51
242 5976
241 31
101 1
111 1
77 41
131 81
1 4880
242 1
134 31
1 680
203 51
242 21
153 61
94 41
1 2400
107 41
24 31
260 41
135 81
1 4310
47 61
1 4390
137 21
286 41
202 71
214 11
269 81
1 1390
130 11
221 21
83 21
101 61
260 91
104 81
1 2730
37 61
1 1540
270 21
240 11
123 11
65 11
285 81
98 1
1 8040
7 1
133 1
57 71
239 1
272 11
184 91
192 3762
117 81
1 3960
238 51
298 11
1 8260
156 51
192 3761
1 5430
141 41
111 21
199 71
1 9720
150 2296
1 5500
271 11
78 11
1 7480
127 81
42 11
236 5684
46 61
31 61
296 11
247 51
243 61
40 91
155 11
1 3500
194 11
218 4849
1 2540
279 71
1 7860
1 6050
1 2130
227 41
166 51
35 11
143 61
205 21
55 21
252 11
60 31
158 71
60 71
54 11
177 3196
222 21
257 6739
294 41
1 630
60 21
215 51
211 31
1 1440
1 2420
110 11
1 5180
122 91
232 81
60 91
1 4910
231 5444
215 4717
23 21
160 41
1 3400
1 5170
294 8821
51 51
1 9560
209 61
1 5560
65 41
272 21
1 6490
25 41
79 81
136 1
1 8920
1 9520
1 600
1 8290
1 820
49 51
154 51
84 720
77 51
57 331
20 1
1 9620
53 287
142 31
1 5550
264 71
53 71
88 81
234 5588
204 61
206 61
1 3460
162 41
1 430
101 1040
116 41
174 51
122 1518
257 31
147 2206
86 71
1 3660
119 31
93 883
26 71
276 61
1 3270
180 31
215 11
300 51
179 21
236 81
1 9960
170 71
86 81
169 2914
86 61
52 275
91 51
204 91
38 91
134 51
291 61
216 81
16 31
1 2840
144 71
1 5990
1 5830
245 31
1 5530
155 31
42 21
213 61
297 9000
296 81
259 6846
276 41
20 31
1 5070
270 41
139 91
124 1568
249 11
1 6630
235 91
49 41
102 21
109 1213
48 61
1 1410
265 91
262 11
220 71
223 31
143 31
1 4550
191 3723
1 8500
74 91
175 21
159 21
89 81
55 41
190 3683
230 91
154 81
235 21
189 51
1 2370
250 61
126 61
1 7060
32 104
198 91
188 81
269 7384
297 81
100 51
1 3570
200 11
1 5980
300 71
1 9140
1 8570
1 290
139 1
280 21
213 71
94 71
1 410
72 81
35 51
40 61
184 31
1 6270
1 7120
151 21
190 61
1 2410
1 9310
65 61
187 91
287 51
1 4180
73 51
229 71
146 1
65 31
41 71
269 11
90 41
47 225
1 2080
136 51
172 11
61 1
1 5480
182 41
166 91
64 418
227 31
253 1
212 11
123 31
157 2515
254 91
150 91
166 21
173 61
1 9160
30 31
1 7430
183 3418
204 71
260 71
267 41
242 31
108 61
15 1
1 2140
202 91
262 51
245 61
53 11
58 51
201 4123
1 8340
291 8640
248 71
78 91
1 7680
1 460
209 71
290 21
255 6635
48 31
168 11
195 3881
285 61
290 81
73 71
34 1
139 1972
129 91
189 3646
1 9280
256 81
1 6530
193 3800
105 11
68 71
247 6226
246 1
98 31
60 368
167 11
246 41
276 31
204 51
205 4288
1 1200
275 71
96 940
245 91
149 71
116 81
1 9350
130 1
245 51
203 4205
195 1
211 4542
1 5650
1 6400
141 21
61 379
112 21
212 91
300 31
106 61
95 31
1 8020
133 31
77 21
1 7260
1 5710
292 8701
1 150
1 4070
1 4750
1 9630
289 81
99 91
212 31
1 8580
259 61
158 61
194 31
1 8080
255 31
167 1
96 41
274 51
248 41
277 61
1 9360
132 51
145 61
252 51
74 41
265 41
1 850
254 11
289 11
95 11
40 81
205 91
1 9330
172 3019
129 1
144 31
148 81
241 51
1 6520
1 1590
78 71
1 1580
290 8582
1 9650
1 210
1 4280
1 5120
288 31
211 4543
201 4122
234 61
254 51
131 91
114 91
1 5410
150 11
125 91
176 41
1 5800
53 91
295 71
219 4894
1 3600
208 31
275 41
174 21
187 11
1 540
201 81
91 31
1 2830
1 4080
223 81
46 21
117 41
181 11
54 71
138 1944
163 71
170 51
1 2480
1 3110
189 11
289 8522
1 7040
159 2580
1 890
182 31
96 81
1 5880
155 21
224 5121
1 2850
118 11
1 4040
299 31
1 8220
64 91
192 41
68 472
281 91
1 5050
149 2265
167 71
126 91
196 3920
94 81
119 81
107 1168
240 71
162 11
105 31
1 1230
175 11
93 1
172 21
239 71
1 1810
1 4630
193 81
91 91
67 21
1 1360
209 21
201 1
267 71
120 31
67 91
99 1001
261 51
281 51
200 51
165 81
1 2240
263 31
1 3140
276 7773
1 3930
249 41
1 7490
1 2590
162 91
255 41
1 6330
103 21
265 7165
300 21
241 1
276 81
106 51
55 308
278 71
132 91
1 8810
1 8400
172 71
223 5074
208 81
142 2057
168 61
172 81
161 21
62 392
256 71
66 1
133 11
132 31
50 51
53 31
108 31
228 31
54 41
273 61
124 91
1 4740
267 1
95 61
249 31
100 11
1 9600
23 61
1 1220
1 5890
130 91
33 1
217 1
218 91
136 1887
34 117
1 1680
183 81
1 4990
181 21
1 8010
72 1
227 81
181 81
241 71
1 9690
90 31
1 8890
1 6570
217 81
98 41
1 1610
72 41
1 1940
73 41
162 51
275 21
79 61
221 4983
17 11
1 4240
232 5492
1 9090
1 3040
146 21
264 7111
64 11
1 2680
262 7005
116 1
278 7887
132 1777
1 7640
58 31
148 51
78 31
296 51
1 3160
1 6610
185 71
213 1
124 51
157 71
121 81
1 9030
240 51
288 61
190 41
1 2220
284 1
211 21
1 7530
154 11
27 11
143 51
240 41
276 51
62 61
39 155
206 21
251 1
79 11
1 7950
45 71
170 21
1 1470
160 91
269 31
263 41
59 81
234 91
63 71
1 9250
120 1469
279 21
53 61
1 3560
1 1210
57 51
196 91
94 91
93 81
161 11
263 7059
4 1
39 71
67 31
238 91
60 11
1 5080
57 81
27 81
181 51
83 61
186 41
140 2001
90 21
226 21
228 71
195 31
119 21
297 41
74 81
221 4984
81 81
255 91
298 61
157 91
192 21
274 71
218 11
50 31
174 61
86 11
228 41
1 5640
98 61
122 1
270 7439
218 51
296 8940
209 11
75 81
1 6160
91 1
141 11
1 5630
1 8350
43 189
193 61
232 5493
272 71
30 81
39 11
1 4330
298 91
72 61
181 71
286 51
213 81
282 11
1 8800
170 2948
61 21
1 7380
174 31
1 5720
148 41
1 6920
198 71
195 81
68 51
1 5290
136 61
1 7580
1 8360
1 8250
29 71
60 81
57 332
1 6130
1 7140
140 2000
206 11
1 1670
225 1
275 7716
240 81
258 51
93 882
1 5380
280 1
181 91
20 11
23 11
1 1420
220 21
147 31
1 1380
252 71
70 500
84 61
281 8058
119 1445
1 920
111 41
34 118
200 4082
1 9750
268 41
93 41
114 61
144 11
183 61
174 3090
117 1396
32 11
226 41
168 21
1 4770
25 1
265 1
130 41
179 91
1 5310
127 71
1 5790
200 41
152 91
168 91
207 41
121 91
